--- FAIL: TestShit (0.05s)
	util_test.go:34: 
		 board
		 
		  1   1   1   1   1   1   1   1   1   1   1   0   0   0  03   3   3   3   3   3 
		  1   1   1   1   1   1   1   1   1   1   1   0   0   0  03   3   3   3   3   3 
		  1   1   1   1   1   1   1   1   1   1   1   0   0   0  03   3   3   3   3   3 
		  1   1   1   1   1   1   1   1   1   1   1   0   0   0  03   3   3   3   3   3 
		  1   1   1   1   1   1   1   1   1   1   1   0   0   0  03   3   3   3   3   3 
		  1   1   1   1   1   1   1   1   1   1   1   0   0   0  03   3   3   3   3  XX 
		  1   1   1   1   1   1   1   1  XX   1   1   0   0   0   0  03   3   3   3  XX 
		  1   1   1   1   1   1   1   1  XX   1   1   0   0   0   0   0  03   3   3   3 
		  1   1   1   1   1   1   1   1   1   1   0   0  XX  XX   0   0  03   3   3   3 
		  1   1   1   1   1   1   1   1   1  12   2   0   0   0   0   0   0  03   3   3 
		 12  12  12  12  12  12  12  12  12   2   2   2   0   0   0   0   0  03   3   3 
		  2   2   2   2   2   2   2   2   2   2  XX   2   2   2   2   2   2   2   3   3 
		  2   2   2   2   2   2   2   2   2   2  XX   2   2   2  24  24  24  24   3   3 
		  2   2   2   2   2   2   2   2   2   2   2   2   2  24   4   4   4   4   4   4 
		  2   2   2   2   2   2   2   2   2   2   2   2  24   4   4   4   4   4   4   4 
		  2   2   2   2   2   2   2   2   2   2  24  24   4   4   4   4   4   4   4   4 
		 24  24  24  24  24  24  24  24  24  24   4   4   4   4   4  XX  XX   4   4   4 
		  4   4   4   4   4   4   4   4   4   4   4   4   4   4  XX  XX   4   4   4   4 
		  4   4   4   4   4   4   4   4   4   4   4   4   4   4   4   4   4   4   4   4 
		  4   4   4   4   4   4   4   4   4   4   4   4   4   4   4   4   4   4   4   4 
		right
		
		  1   1   1   1   1   1   1   1   1   1   1  01   0   0  03   3   3   3   3   3 
		  1   1   1   1   1   1   1   1   1   1   1  01   0   0  03   3   3   3   3   3 
		  1   1   1   1   1   1   1   1   1   1   1  01   0   0  03   3   3   3   3   3 
		  1   1   1   1   1   1   1   1   1   1   1  01   0   0  03   3   3   3   3   3 
		  1   1   1   1   1   1   1   1   1   1   1  01   0   0  03   3   3   3   3   3 
		  1   1   1   1   1   1   1   1   1   1   1  01   0   0  03   3   3   3   3  XX 
		  1   1   1   1   1   1   1   1  XX   1   1  01   0   0   0  03   3   3   3  XX 
		  1   1   1   1   1   1   1   1  XX  XX   1  01   0   0   0   0  03   3   3   3 
		  1   1   1   1   1   1   1   1   1   1  01   0  XX  XX   0   0  03   3   3   3 
		  1   1   1   1   1   1   1   1   1   1  2   0   0   0   0   0   0  03   3   3 
		  2   2   2   2   2   2   2   2   2   2  2   2   0   0   0   0   0  03   3   3 
		  2   2   2   2   2   2   2   2   2   2  XX   2   2   2   2   2   2   2   3   3 
		  2   2   2   2   2   2   2   2   2   2  XX   2   2   2  24  24  24  24   3   3 
		  2   2   2   2   2   2   2   2   2   2  2   2   2  24   4   4   4   4   4   4 
		  2   2   2   2   2   2   2   2   2   2  2   2  24   4   4   4   4   4   4   4 
		  2   2   2   2   2   2   2   2   2   2  24  24   4   4   4   4   4   4   4   4 
		 24  24  24  24  24  24  24  24  24  24  4   4   4   4   4  XX  XX   4   4   4 
		  4   4   4   4   4   4   4   4   4   4  4   4   4   4  XX  XX   4   4   4   4 
		  4   4   4   4   4   4   4   4   4   4  4   4   4   4   4   4   4   4   4   4 
		  4   4   4   4   4   4   4   4   4   4  4   4   4   4   4   4   4   4   4   4 
		down
		
		  1   1   1   1   1   1   1   1   1   1  01   0   0   0  03   3   3   3   3   3 
		  1   1   1   1   1   1   1   1   1   1  01   0   0   0  03   3   3   3   3   3 
		  1   1   1   1   1   1   1   1   1   1  01   0   0   0  03   3   3   3   3   3 
		  1   1   1   1   1   1   1   1   1   1  01   0   0   0  03   3   3   3   3   3 
		  1   1   1   1   1   1   1   1   1   1  01   0   0   0  03   3   3   3   3   3 
		  1   1   1   1   1   1   1   1   1   1  01   0   0   0  03   3   3   3   3  XX 
		  1   1   1   1   1   1   1   1  XX   1  01   0   0   0   0  03   3   3   3  XX 
		  1   1   1   1   1   1   1   1  XX   1  01   0   0   0   0   0  03   3   3   3 
		  1   1   1   1   1   1   1   1  XX   1  01   0  XX  XX   0   0  03   3   3   3 
		  1   1   1   1   1   1   1   1   1   1  2   0   0   0   0   0   0  03   3   3 
		  1   1   1   1   1   1   1   1   1   2  2   2   0   0   0   0   0  03   3   3 
		  2   2   2   2   2   2   2   2   2   2  XX   2   2   2   2   2   2   2   3   3 
		  2   2   2   2   2   2   2   2   2   2  XX   2   2   2  24  24  24  24   3   3 
		  2   2   2   2   2   2   2   2   2   2  2   2   2  24   4   4   4   4   4   4 
		  2   2   2   2   2   2   2   2   2   2  2   2  24   4   4   4   4   4   4   4 
		  2   2   2   2   2   2   2   2   2   2  24  24   4   4   4   4   4   4   4   4 
		 24  24  24  24  24  24  24  24  24  24  4   4   4   4   4  XX  XX   4   4   4 
		  4   4   4   4   4   4   4   4   4   4  4   4   4   4  XX  XX   4   4   4   4 
		  4   4   4   4   4   4   4   4   4   4  4   4   4   4   4   4   4   4   4   4 
		  4   4   4   4   4   4   4   4   4   4  4   4   4   4   4   4   4   4   4   4 
		left
		
		  1   1   1   1   1   1   1   1   1   1  01   0   0   0  03   3   3   3   3   3 
		  1   1   1   1   1   1   1   1   1   1  01   0   0   0  03   3   3   3   3   3 
		  1   1   1   1   1   1   1   1   1   1  01   0   0   0  03   3   3   3   3   3 
		  1   1   1   1   1   1   1   1   1   1  01   0   0   0  03   3   3   3   3   3 
		  1   1   1   1   1   1   1   1   1   1  01   0   0   0  03   3   3   3   3   3 
		  1   1   1   1   1   1   1   1   1   1  01   0   0   0  03   3   3   3   3  XX 
		  1   1   1   1   1   1   1   1  XX  01   0   0   0   0   0  03   3   3   3  XX 
		  1   1   1   1   1   1   1  XX  XX  01   0   0   0   0   0   0  03   3   3   3 
		  1   1   1   1   1   1   1   1   1  01   0   0  XX  XX   0   0  03   3   3   3 
		  1   1   1   1   1   1   1   1   1  2   2   0   0   0   0   0   0  03   3   3 
		  1   1   1   1   1   1   1   1   2  2   2   2   0   0   0   0   0  03   3   3 
		  2   2   2   2   2   2   2   2   2  2  XX   2   2   2   2   2   2   2   3   3 
		  2   2   2   2   2   2   2   2   2  2  XX   2   2   2  24  24  24  24   3   3 
		  2   2   2   2   2   2   2   2   2  2   2   2   2  24   4   4   4   4   4   4 
		  2   2   2   2   2   2   2   2   2  2   2   2  24   4   4   4   4   4   4   4 
		  2   2   2   2   2   2   2   2   2  2  24  24   4   4   4   4   4   4   4   4 
		 24  24  24  24  24  24  24  24  24  24   4   4   4   4   4  XX  XX   4   4   4 
		  4   4   4   4   4   4   4   4   4  4   4   4   4   4  XX  XX   4   4   4   4 
		  4   4   4   4   4   4   4   4   4  4   4   4   4   4   4   4   4   4   4   4 
		  4   4   4   4   4   4   4   4   4  4   4   4   4   4   4   4   4   4   4   4 
FAIL
exit status 1
FAIL	github.com/andreirtaylor/kaa	0.049s

